4395194575929822238989941988598994946581
1715719228759138638397684864996679719167
5641957947399279962631596818774779918898
2585497851318911812329521892518876883669
6326121293629918828545199576444799485199
1197891193163157699998465137799499428622
9971941176236517711968176833694122359799
8999294422711677672138234871949951867361
3349291493887252933563637858998292429461
7189439835616936936452916284895714389978
9919687931991844963923118455824186376858
8556752119948211196297781958736978151712
1979947819698244184997611639891169294112
8526183359487314556663171586821716949298
1781919896684119688349391339192196799588
1197567977371916661139687299725917634957
4612932372899778339369954694952999219672
6999162799681597281641651777891979395397
2929523873329969919578959424699989299758
8228656689838938962979299798868965176111
3291189727977984366996998628998999313854
1969899739799949932911885277583879342673
4139678172235724118199726211119671191998
8491859444877458918921985959989568279219
2771894559749588998196893858679239272818
8698775892993989977451194464865721268484
9815831789813838789211849713941639192861
8391217969784868593822994733189558658223
1286923398138799667979629228969771916586
1114829212648462813962865127721383493959
8229274989319485131759119628887993878981
9499516139937388199431887411757519697113
4976998292388572314456265734789687366686
2298177775583527949898397959425767832825
3598947472448691635139959991352673979496
7112174898192377964819299748639161162263
9987787819769819287382267885519776534891
4932928968769839163293479931958989358947
9992216325832365211598714373826949876761
8299492186897712559157176181191385891631
